T 41 42 0
T 43 42 0
T 44 42 0
T 42 42 0
T 45 42 0
T 47 42 0
T 48 42 0
T 46 42 0
T 49 42 0
T 50 43 0
T 50 44 0
T 50 48 0
T 50 49 0
T 49 50 0
T 47 50 0
T 48 50 0
T 40 43 0
T 40 48 0
T 40 49 0
T 41 50 0
T 42 50 0
T 43 50 0
T 43 53 1
T 44 53 1
T 45 53 1
T 46 53 1
T 47 53 1
T 48 53 1
T 42 53 1
T 40 53 1
T 41 53 1
T 49 53 1
T 50 53 1
T 51 53 0
T 52 53 0
T 53 53 0
T 54 53 0
T 55 53 0
T 55 52 0
T 55 51 0
T 55 50 0
T 55 49 0
T 55 48 0
T 54 48 0
T 53 48 0
T 52 48 0
T 51 48 0
T 39 48 0
T 38 48 0
T 37 48 0
T 36 48 0
T 35 48 0
T 35 49 0
T 35 50 0
T 35 51 0
T 35 52 0
T 35 53 0
T 36 53 0
T 37 53 0
T 38 53 0
T 39 53 0
T 40 44 0
T 51 45 0
T 52 45 0
T 53 46 0
T 54 47 0
T 39 45 0
T 38 45 0
T 37 46 0
T 36 47 0
E 49 49 2
E 41 43 2
E 41 49 4
E 49 43 4
E 53 52 3
E 54 50 3
E 51 49 3
E 36 52 2
E 40 50 2
E 36 49 4
E 53 47 2
E 37 47 2
